d = 141.42
t = 0.80
centers of the clusters
x = 8.771225, y = -29.031166
x = 108.769876, y = 70.968063
x = 208.771365, y = -29.031713
